$ANSIBLE_VAULT;1.1;AES256
61633937646337396332323361376362643534643533313763316532333436313631643639373962
3636356161353063333532626634393135373361383937380a386531363362383531393534396333
31366636653962383339393138356532323066366639303737653330336666616239386461393531
6430633735346565380a396238313434343062386335643262306661623433613234333038366633
64383037613466333835363735633864313237356566613966633439396531633063356538386666
38343563353835333131623161356265646362376335653838656239343163306635623231303933
65313766303463306439383733366132356562323039616632303334383133306265663166393439
36366462653737316133383261303539376430633736393266616564663830303630653936343437
31646163373132663638633965353663313938616533363533326633353634633735633234376132
37666337613663353366623639306666613838323534623938626461313062643637336531633163
61323934633532393239346561656636363238666461316537343939333064653834356233616162
37623862636465366464356238386135616164323938646134376634393363363665656661333262
33393232613331313037663634336138653561396338613337656537383139626132626537363261
62343032666139656432353839386437323962323464373631313436366232376564366439373637
64373064653035363139623130323961386439386663323937313464653563313961633962646461
35383732666333306638336433353261376235636438323638383561633636343963333332663333
39353439336530626239343062346131376230343535336138346636656663343061383634313138
32326337356533393732396337323337373539326137613139303037623739356336323565663233
31666236396638643033666566663939616362306533643361313933333631646430636566626465
66343762626634343035316536373130346563313239303965643763396365373863313864373835
39663035376539356535633232353832326463313236333965376431323964376333373339626232
64623039363336313432343133366636643434623564343763653261396431313533373636333938
64653635386461643061336462386633623163376434626162333431396234666561373963643362
63396536353864343063313364346631616334646239306162323263333461303831653537376165
30393838303236356133386263626635616337653135666534353464343837303433666130343763
36363736663735663334303864656535646265323834396561613365346232643863346465363030
38633264326461353937666664643838313039316230393734646563376666623235313966616333
31323931666466303339623765396637616464316537313861633163623435653237316232616238
65613438653566636661386634343431333862346262613338333734663234343034663139383630
33303062366362633336643065343666613130323336353962346566646231333334383636646363
30326134303766316136633263366265623337316437313362393034646465663031656361663431
39633335346136613163303961376666393439616636383262356139383162376434346265653563
65653063633064623136616231616537363236626161626635376138376366666434616139636466
66393334303763363537393266623332383362386430393333613633376236326461623165643133
32316138373533326431396534366164386532326462396333623235623762396636636431323830
39326635303839613263383539623537396234646534333933663038363234366536373835623035
31363034343062383936333739313239393439323134383562336165306136333865623031386435
37333735303266386438643633306466633265326465366437353165326635316339323666656438
39393132393163396138656166653433326435646638616136393066663430653030646633646661
30366435363133356565316163613337663831363034326465616631656265636161393931356236
37396238396632313230656366656438343335336532333530303535333937656130646164326365
35306435303639666661656661313538656238356564613065643661656635666463656366636666
64626163323232353563373034356531363162653063656132363564363134366161383464376531
30373538663566653039313339663163333365316164613539613961363162343062323761623834
64653833333639373634316235383235656162313530306635313730336338303365363736306633
66303263666463323136656431373334366630353431646534633430373263313564636430393239
39663865303462656665383232313930613638643566393631613633306635373931333063356438
37366664323233636461306562393232303633393034643337653630346566386436643765313465
39666337366661303965343734313130316332356630636133336535316332663635323564306266
66333137613966346138326661636533343861396331396666356439386534323431633630313563
63643737356333353632636436343766643336383430383035623966303933356665623836333437
62626336396637383564383630363331383437656138353565633538343433323561653433623339
64626137623336366432303933313637626131356164323335383734343732663335393065656339
38366663643733353731376232336430326131313665376436346236343734376130333331306364
30323331633336393534356639343334313961373235326564646262376261353365373263313230
38666136643362313737336438303533366233616164356265366364323461653064333032323334
33376236656135386431386235396230653261643165336264646239363330633230353161653830
35343461373164333530376539633034633036326536383433663263636633653566663661613837
30656236313934613765313063373731613435616462613465393366653031326362656236646163
33626665373839656533653661316162326666633333383061383839306139366366353734646632
64356462663761656235326630326362363630306430393438666535366633643232376564623337
32303833373263336135646264366537316437393134333032353062316463626138316362646134
36623439326634393236653834306438653938353033376263333736663634353162363065343336
35353230316639626434336436336138613332366662643765386230663838396335663263303735
39623563366534373861316634386461613832333130373363663666306131626564386130333839
37303262396464653363666133663330323765666266303237666430346465666336376338643165
36373631353761313962396366346131633031303031386565636336376131373133653163623438
38306230376239346362643834326466393563636239383937346230356635633565626363396261
65666236616434373437363138633834666131336662383631393138303133393165336330643932
30646432383661666233383235346364386565366631373565393330333731386138636136613463
34616461363433323233623834373164633563346537376265306138643862653865333531393562
64616133626336396334646666383439383166376231316332343231366530326261653036643762
63393936336532343139393365313565316162616137343035393665633966643538363939373263
66653131376561393136346633383132633464633363323666626564343337316436633233333339
62366162343337343363383732346334363633373963653538623336653863333061303763336663
35313735363961363561306137386439333635643463393033636438393735386533643539383436
65316333373934383637376531323066363063306638373235613261626335656161353531333362
66376561613438303034336334316636323237633137393039633162643761626436663766306361
64396465383366376336313034386262346637396364336634323138623162353437306161346130
39376662333836353332373566383435363562386236663266353138303337346265643333396434
33356436656632343331386537316237303731613336393932396230306531653531383939663937
38323165343664623239666238363234653038396639653532613932306466613566333937323930
64613432643335653338383162663738323831653362633734373761303630303764656431303532
33663939386530623539333436656464623266623061623038346236363935323930353832393966
65336533633537396234383738356566303239643739393033383231653564356232663736616464
61313563613733363333323733343830653532336630636439643736303339313131373738656336
35353032366236643937383364643632663939396637343736393161363165396263623361353462
34366166386438343464
